[40, 135, 31.21, 28.01, [[], [1550.3593185744808, 1555.5304877694582, 1560.0398030464066, 1556.2954357036028, 1560.1814706355324], [], []]]
[40, 137, 32.04, 28.06, [[], [1550.3735169834554, 1555.6145789942677, 1560.1333079146223], [], []]]
[40, 139, 30.93, 28.06, [[], [1550.3736404767521, 1555.6205785367397, 1560.1348907860083], [], []]]
[40, 141, 30.45, 28.01, [[], [1550.3750871571422, 1555.6242460884491, 1560.1365851929975], [], []]]
[40, 143, 31.47, 27.99, [[], [1550.3774917461458, 1555.6280267856023, 1560.138576649698], [], []]]
[40, 145, 32.31, 28.03, [[], [1550.3821986011112, 1555.6339502741537, 1560.1355967908603], [], []]]
[40, 147, 31.42, 28.02, [[], [1550.3893972543212, 1555.6334940173442, 1560.133761206638], [], []]]
[40, 149, 30.68, 28.03, [[], [1550.391105034631, 1555.63348840719, 1560.1419970254683], [], []]]
[40, 151, 30.56, 27.96, [[], [1550.3871313151362, 1555.6348452319967, 1560.144880773778], [], []]]
[40, 153, 31.06, 27.99, [[], [1550.3868401952932, 1555.6407878071957, 1560.1510144528993], [], []]]
[40, 155, 31.94, 28.08, [[], [1550.3891602671054, 1555.6460949384875, 1560.1505998600398], [], []]]
[40, 157, 32.31, 27.98, [[], [1550.3919580069382, 1555.6478296391833, 1560.1540030125273], [], []]]
[40, 159, 32.21, 28.05, [[], [1550.3955575533532, 1555.6472456796048, 1560.1564733298576], [], []]]
[40, 161, 31.75, 27.98, [[], [1550.397707054072, 1555.6490662616593, 1560.158943658949], [], []]]
[40, 163, 31.16, 27.98, [[], [1550.3974326176008, 1555.6517971415299, 1560.1620370269109], [], []]]
[40, 165, 30.55, 28.02, [[], [1550.397240883126, 1555.655780718633, 1560.165337707196], [], []]]
[40, 167, 30.39, 27.98, [[], [1550.3973317442114, 1555.6593715196448, 1560.1705007474945], [], []]]
[40, 169, 30.49, 27.99, [[], [1550.3993673956588, 1555.665064112449, 1560.1743219759294], [], []]]
[40, 171, 30.69, 28.01, [[], [1550.4024351618498, 1555.667591178306, 1560.175698756409], [], []]]
[40, 173, 31.1, 27.93, [[], [1550.405746966859, 1555.6681702994317, 1560.1795643252894], [], []]]
[45, 135, 30.98, 27.93, [[], [1550.4074140007594, 1555.6664306978353, 1560.1811424033083], [], []]]
[45, 137, 30.75, 27.96, [[], [1550.4079087341972, 1555.6688696530523, 1560.1830081714165], [], []]]
[45, 139, 30.47, 27.92, [[], [1550.4073505833555, 1555.6741721256628, 1560.184418387944], [], []]]
[45, 141, 30.55, 27.96, [[], [1550.4073116422983, 1555.6807038372697, 1560.1876553087916], [], []]]
[45, 143, 30.48, 27.92, [[], [1550.4086055915386, 1555.6861934608119, 1560.1889900480971], [], []]]
[45, 145, 30.37, 27.95, [[], [1550.4109587325922, 1555.6898262205132, 1560.1920260709933], [], []]]
[45, 147, 30.5, 27.92, [[], [1550.4127889599233, 1555.688896090492, 1560.1942677947823], [], []]]
[45, 149, 30.57, 27.93, [[], [1550.4152467001988, 1555.687369277433, 1560.195097411792], [], []]]
[45, 151, 30.81, 27.92, [[], [1550.4165580902225, 1555.6880208508744, 1560.1976234477893], [], []]]
[45, 153, 31.23, 27.93, [[], [1550.4160804110847, 1555.6914389203425, 1560.1993510326931], [], []]]
[45, 155, 31.97, 27.98, [[], [1550.4154035761812, 1555.7019004584886, 1560.2026169489393], [], []]]
[45, 157, 32.34, 27.95, [[], [1550.4157562725413, 1555.7130126031511, 1560.2033245104465], [], []]]
[45, 159, 32.43, 27.86, [[], [1550.416676026538, 1555.7219251251875, 1560.206676816511], [], []]]
[45, 161, 32.28, 27.92, [[], [1550.4195094715278, 1555.7189214035932, 1560.2076780838836], [], []]]
[45, 163, 32.2, 27.9, [[], [1550.4217102203197, 1555.7165166476739, 1560.2115825050557], [], []]]
[45, 165, 32.26, 27.93, [[], [1550.424576318092, 1555.7122739875022, 1560.2114270155166], [], []]]
[45, 167, 32.12, 27.9, [[], [1550.4262823338695, 1555.7133045912383, 1560.2132583029218], [], []]]
[45, 169, 31.44, 27.96, [[], [1550.4263164539746, 1555.7192821268188, 1560.2149859258213], [], []]]
[45, 171, 30.75, 27.88, [[], [1550.4256852271105, 1555.7341230805757, 1560.2179920096453], [], []]]
[45, 173, 30.54, 27.88, [[], [1550.4251222422577, 1555.742299457852, 1560.2218100921573], [], []]]
[50, 135, 30.6, 27.88, [[], [1550.425378144967, 1555.746387682761, 1560.2198751285578], [], []]]
[50, 137, 30.64, 27.9, [[], [1550.4270997395217, 1555.7448110909477, 1560.2210277611935], [], []]]
[50, 139, 30.63, 27.85, [[], [1550.4299584428993, 1555.7406515519488, 1560.2215749753354], [], []]]
[50, 141, 30.6, 27.93, [[], [1550.4324240266092, 1555.736562237217, 1560.223572299929], [], []]]
[50, 143, 30.58, 27.9, [[], [1550.4350171971748, 1555.7378848834292, 1560.224176966837], [], []]]
[50, 145, 30.52, 27.82, [[], [1550.4367566148674, 1555.7412833794497, 1560.2264645944817], [], []]]
[50, 147, 30.51, 27.86, [[], [1550.4360237593082, 1555.748431808122, 1560.224090585704], [], []]]
[50, 149, 30.74, 27.83, [[], [1550.4355119475888, 1555.7563506782967, 1560.2259909957752], [], []]]
[50, 151, 31.14, 27.88, [[], [1550.4344905501819, 1555.7625376538997, 1560.2275237281056], [], []]]
[50, 153, 31.55, 27.8, [[], [1550.435118075368, 1555.766907927318, 1560.22923598122], [], []]]
[50, 155, 31.63, 27.8, [[], [1550.436399088809, 1555.767189869538, 1560.2361496740232], [], []]]
[50, 157, 31.4, 27.77, [[], [1550.4385869035534, 1555.7634678713348, 1560.2369676906146], [], []]]
[50, 159, 30.73, 27.72, [[], [1550.4402718108465, 1555.7589273345286, 1560.2377909584982], [], []]]
[50, 161, 30.22, 27.83, [[], [1550.4436768706746, 1555.756342087016, 1560.2385917053593], [], []]]
[50, 163, 30.8, 27.77, [[], [1550.4454723104238, 1555.7563245355768, 1560.2394213802822], [], []]]
[50, 165, 31.71, 27.77, [[], [1550.4460824121693, 1555.7605192635433, 1560.2421398416293], [], []]]
[50, 167, 32.12, 27.76, [[], [1550.446260065163, 1555.7662450865446, 1560.2438033127155], [], []]]
[50, 169, 32.22, 27.82, [[], [1550.4460824120074, 1555.7723839706377, 1560.2468354246926], [], []]]
[50, 171, 32.29, 27.76, [[], [1550.4446222469621, 1555.7791629747248, 1560.2486754242082], [], []]]
[50, 173, 32.36, 27.82, [[], [1550.4445710651814, 1555.7833201062524, 1560.2504895256347], [], []]]
[55, 135, 32.19, 27.76, [[], [1550.4447401876541, 1555.7858460634923, 1560.2450525123081], [], []]]
[55, 137, 31.79, 27.75, [[], [1550.4455420359734, 1555.7864954796664, 1560.2471178575638], [], []]]
[55, 139, 30.82, 27.75, [[], [1550.4466925162396, 1555.7843541655304, 1560.2450525118304], [], []]]
[55, 141, 30.26, 27.72, [[], [1550.448716799654, 1555.7806402997476, 1560.2476388030082], [], []]]
[55, 143, 31.07, 27.7, [[], [1550.4505252335196, 1555.7785617381828, 1560.2482262222215], [], []]]
[55, 145, 32.23, 27.7, [[], [1550.45279431273, 1555.7758475906464, 1560.2476388011198], [], []]]
[55, 147, 32.49, 27.69, [[], [1550.4512417851552, 1555.7777715414697, 1560.2503167393058], [], []]]
[55, 149, 32.05, 27.75, [[], [1550.456189411303, 1555.777737185051, 1560.2521999452565], [], []]]
[55, 151, 31.38, 27.75, [[], [1550.457196001901, 1555.7809323314054, 1560.253340240566], [], []]]
[55, 153, 30.95, 27.66, [[], [1550.4568202915332, 1555.7866358992337, 1560.255591141431], [], []]]
[55, 155, 30.82, 27.76, [[], [1550.4562235327314, 1555.7921497964685, 1560.2565365189103], [], []]]
[55, 157, 30.61, 27.76, [[], [1550.4557799511979, 1555.7972518247764, 1560.255828149066], [], []]]
[55, 159, 30.33, 27.72, [[], [1550.4553211635566, 1555.8019236592386, 1560.2571622567127], [], []]]
[55, 161, 30.21, 27.76, [[], [1550.4554557950257, 1555.804363784631, 1560.261322316707], [], []]]
[55, 163, 30.11, 27.73, [[], [1550.4557970120975, 1555.80630498337, 1560.2621170764244], [], []]]
[55, 165, 30.22, 27.67, [[], [1550.4558311335434, 1555.8064767708677, 1560.263879365894], [], []]]
[55, 167, 30.26, 27.67, [[], [1550.4570936361517, 1555.8067344527742, 1560.265589844196], [], []]]
[55, 169, 30.36, 27.67, [[], [1550.4583194246295, 1555.8046091413757, 1560.2660593537162], [], []]]
[55, 171, 30.33, 27.69, [[], [1550.4606029903384, 1555.8009407401023, 1560.2683189476263], [], []]]
[55, 173, 30.4, 27.7, [[], [1550.4627237415648, 1555.7981279248659, 1560.2705312142393], [], []]]
[60, 135, 30.72, 27.7, [[], [1550.4643615978123, 1555.7957916364815, 1560.2628945731985], [], []]]
[60, 137, 30.72, 27.67, [[], [1550.4657435412569, 1555.7953793510185, 1560.2634647045588], [], []]]
[60, 139, 30.49, 27.7, [[], [1550.4666648382092, 1555.797578208306, 1560.2650715047414], [], []]]
[60, 141, 30.48, 27.67, [[], [1550.4672096802728, 1555.800273758425, 1560.264788294757], [], []]]
[60, 143, 30.39, 27.69, [[], [1550.4678761754826, 1555.8030410217095, 1560.2661427146288], [], []]]
[60, 145, 30.27, 27.64, [[], [1550.4672794078779, 1555.8078387538765, 1560.2664653428596], [], []]]
[60, 147, 30.2, 27.66, [[], [1550.466913336748, 1555.8121390734457, 1560.2672950407698], [], []]]
[60, 149, 30.27, 27.66, [[], [1550.466835449109, 1555.8156503012838, 1560.268129613481], [], []]]
[60, 151, 30.44, 27.67, [[], [1550.4657776630738, 1555.819773271239, 1560.2690798596439], [], []]]
[60, 153, 30.97, 27.67, [[], [1550.4655558695097, 1555.822590644206, 1560.2718097269726], [], []]]
[60, 155, 31.73, 27.72, [[], [1550.4658848514866, 1555.8258300402886, 1560.272043764811], [], []]]
[60, 157, 32.28, 27.64, [[], [1550.46560705242, 1555.8271087726864, 1560.2734165306258], [], []]]
[60, 159, 32.27, 27.69, [[], [1550.4662334899979, 1555.8279363638771, 1560.275486086851], [], []]]
[60, 161, 31.69, 27.63, [[], [1550.467471160239, 1555.8274799933874, 1560.2768101010768], [], []]]
[60, 163, 30.7, 27.63, [[], [1550.4684124878574, 1555.8260757780022, 1560.2770925499167], [], []]]
[60, 165, 30.25, 27.64, [[], [1550.4692840884456, 1555.8239343547402, 1560.2794404355548], [], []]]
[60, 167, 30.27, 27.6, [[], [1550.4714419537981, 1555.8210617014558, 1560.2812260745711], [], []]]
[60, 169, 30.23, 27.6, [[], [1550.4733980582728, 1555.8186334781335, 1560.2817177326451], [], []]]
[60, 171, 30.29, 27.61, [[], [1550.4758734212578, 1555.8160883638063, 1560.2829181632585], [], []]]
[60, 173, 30.29, 27.67, [[], [1550.4767450311522, 1555.817001092014, 1560.2855308887097], [], []]]
[65, 135, 30.32, 27.64, [[], [1550.4771808356395, 1555.8184755048312, 1560.2751330388069], [], []]]
[65, 137, 30.27, 27.59, [[], [1550.4779934728308, 1555.8198935226376, 1560.274798747071], [], []]]
[65, 139, 30.38, 27.67, [[], [1550.4780001488864, 1555.8222141966496, 1560.2752389372286], [], []]]
[65, 141, 30.41, 27.66, [[], [1550.4776863687946, 1555.8254087780338, 1560.2771984422004], [], []]]
[65, 143, 30.62, 27.6, [[], [1550.4769015488307, 1555.8285861898207, 1560.2766647269627], [], []]]
[65, 145, 30.93, 27.59, [[], [1550.476935671177, 1555.8311287285526, 1560.2779951088798], [], []]]
[65, 147, 31.23, 27.6, [[], [1550.4764835471474, 1555.8338867636178, 1560.2792638809292], [], []]]
[65, 149, 31.45, 27.63, [[], [1550.4755945065458, 1555.8372569195897, 1560.278999101718], [], []]]
[65, 151, 31.65, 27.66, [[], [1550.4754376167882, 1555.838942003643, 1560.2800936137332], [], []]]
[65, 153, 32.0, 27.6, [[], [1550.4751612982964, 1555.8414879349646, 1560.2821935886057], [], []]]
[65, 155, 32.14, 27.63, [[], [1550.4751271759503, 1555.844185131727, 1560.282521888788], [], []]]
[65, 157, 32.11, 27.67, [[], [1550.4746153386968, 1555.8455251432642, 1560.284111454929], [], []]]
[65, 159, 31.97, 27.56, [[], [1550.474478849013, 1555.8473805477681, 1560.2857010116986], [], []]]
[65, 161, 31.88, 27.6, [[], [1550.4751271764799, 1555.8488408230949, 1560.2875842771937], [], []]]
[65, 163, 31.86, 27.61, [[], [1550.474827491207, 1555.8498424765876, 1560.2882671550706], [], []]]
[65, 165, 31.81, 27.64, [[], [1550.47486235556, 1555.8501057740293, 1560.2893616885478], [], []]]
[65, 167, 31.79, 27.54, [[], [1550.4750192452987, 1555.8503339659153, 1560.2910564456752], [], []]]
[65, 169, 31.98, 27.59, [[], [1550.4758437500868, 1555.8500090460268, 1560.2928022426865], [], []]]
[65, 171, 32.0, 27.54, [[], [1550.476219097287, 1555.850919571826, 1560.2939080556862], [], []]]
[65, 173, 31.48, 27.48, [[], [1550.4764238331982, 1555.8508164932966, 1560.2961369301854], [], []]]
[70, 135, 30.81, 27.51, [[], [1550.4768496236509, 1555.849719604798, 1560.2821413941167], [], []]]
[70, 137, 30.55, 27.56, [[], [1550.4775120471047, 1555.8490174759354, 1560.2821237350906], [], []]]
[70, 139, 30.59, 27.53, [[], [1550.4777560978418, 1555.848174922677, 1560.281929541009], [], []]]
[70, 141, 30.73, 27.51, [[], [1550.477808394957, 1555.8476483293227, 1560.28300639185], [], []]]
[70, 143, 30.95, 27.53, [[], [1550.4783662258405, 1555.8467706702704, 1560.2824767918253], [], []]]
[70, 145, 31.14, 27.51, [[], [1550.4781570396535, 1555.846682904639, 1560.2833065180714], [], []]]
[70, 147, 31.27, 27.51, [[], [1550.4787271098603, 1555.846177971215, 1560.2835239726273], [], []]]
[70, 149, 31.31, 27.54, [[], [1550.4791195207831, 1555.8456969406045, 1560.2846988607787], [], []]]
[70, 151, 31.33, 27.54, [[], [1550.4796996080765, 1555.8443053909527, 1560.2845088209665], [], []]]
[70, 153, 31.32, 27.59, [[], [1550.4798019762443, 1555.8447177013259, 1560.2857182843718], [], []]]
[70, 155, 31.32, 27.54, [[], [1550.4796996071598, 1555.8446146229928, 1560.286789495536], [], []]]
[70, 157, 31.31, 27.51, [[], [1550.479673644063, 1555.8447169565634, 1560.2876316037589], [], []]]
[70, 159, 31.19, 27.54, [[], [1550.4801432022628, 1555.843669744287, 1560.2877397806349], [], []]]
[70, 161, 31.39, 27.57, [[], [1550.4805014914398, 1555.843618206726, 1560.2890010795038], [], []]]
[70, 163, 31.69, 27.53, [[], [1550.4807062283926, 1555.8427935848747, 1560.2901759727802], [], []]]
[70, 165, 31.72, 27.48, [[], [1550.4811157006554, 1555.8426389689807, 1560.2915409246634], [], []]]
[70, 167, 31.64, 27.47, [[], [1550.4810507936395, 1555.8425930318888, 1560.2928924002028], [], []]]
[70, 169, 31.66, 27.51, [[], [1550.4805014917922, 1555.8440305175795, 1560.2933205859365], [], []]]
[70, 171, 31.59, 27.44, [[], [1550.480876470705, 1555.8438041935024, 1560.293775080703], [], []]]
[70, 173, 31.26, 27.51, [[], [1550.4814228069579, 1555.8434120497566, 1560.2961541935783], [], []]]
[75, 135, 30.38, 27.51, [[], [1550.4812251164476, 1555.8426807975202, 1560.2809056433755], [], []]]
[75, 137, 29.93, 27.54, [[], [1550.481329711236, 1555.842241970308, 1560.2815058563851], [], []]]
[75, 139, 29.83, 27.47, [[], [1550.4819049759465, 1555.8419084631194, 1560.2807290981402], [], []]]
[75, 141, 30.0, 27.5, [[], [1550.4816616666976, 1555.8418830666199, 1560.2816752499418], [], []]]
[75, 143, 30.37, 27.5, [[], [1550.4827706579688, 1555.84080075409, 1560.2813296848915], [], []]]
[75, 145, 30.69, 27.47, [[], [1550.4828114570626, 1555.839837204988, 1560.2823885176638], [], []]]
[75, 147, 30.83, 27.53, [[], [1550.4834531159877, 1555.83968408409, 1560.2816925388547], [], []]]
[75, 149, 30.97, 27.48, [[], [1550.4842409105695, 1555.8386962618665, 1560.2821413743807], [], []]]
[75, 151, 30.92, 27.42, [[], [1550.4851648247368, 1555.8383100947112, 1560.2834653862003], [], []]]
[75, 153, 30.68, 27.56, [[], [1550.4851996891434, 1555.838011694609, 1560.2839949926188], [], []]]
[75, 155, 30.41, 27.44, [[], [1550.485182256634, 1555.8382574362943, 1560.2855837946377], [], []]]
[75, 157, 30.39, 27.41, [[], [1550.4850427973483, 1555.8386787069292, 1560.286325246758], [], []]]
[75, 159, 30.28, 27.44, [[], [1550.4856540443895, 1555.8389281833336, 1560.2869104535046], [], []]]
[75, 161, 30.16, 27.42, [[], [1550.4850227696325, 1555.8390656203323, 1560.288845568869], [], []]]
[75, 163, 30.08, 27.5, [[], [1550.4849545231232, 1555.8388251063914, 1560.2897785802156], [], []]]
[75, 165, 30.15, 27.44, [[], [1550.4848180317977, 1555.8389453635496, 1560.2913508935746], [], []]]
[75, 167, 30.32, 27.45, [[], [1550.485060230381, 1555.8389068967745, 1560.2928570856425], [], []]]
[75, 169, 30.78, 27.39, [[], [1550.4851125274777, 1555.8395212499847, 1560.2925216660474], [], []]]
[75, 171, 31.19, 27.44, [[], [1550.485500490382, 1555.8403540836787, 1560.2961369195214], [], []]]
[75, 173, 31.67, 27.44, [[], [1550.4847290152375, 1555.8403813468483, 1560.2958935114116], [], []]]
[80, 135, 32.05, 27.45, [[], [1550.4847327242478, 1555.8402853653668, 1560.2799992966086], [], []]]
[80, 137, 31.73, 27.45, [[], [1550.4849715841813, 1555.8406804949707, 1560.2806385638019], [], []]]
[80, 139, 30.74, 27.41, [[], [1550.4845109259547, 1555.8413504991074, 1560.2799820188827], [], []]]
[80, 141, 30.14, 27.41, [[], [1550.4850568919605, 1555.8411099836685, 1560.2815715739255], [], []]]
[80, 143, 30.11, 27.45, [[], [1550.4855346132572, 1555.8411615231382, 1560.2824872999022], [], []]]
[80, 145, 30.25, 27.5, [[], [1550.4853298753699, 1555.842037682692, 1560.282971072359], [], []]]
[80, 147, 30.4, 27.42, [[], [1550.4851080762658, 1555.8424328141152, 1560.2842841879155], [], []]]
[80, 149, 30.41, 27.5, [[], [1550.484938203137, 1555.842733453988, 1560.285477861285], [], []]]
[80, 151, 30.99, 27.41, [[], [1550.4851125273876, 1555.843523342927, 1560.2857779833541], [], []]]
[80, 153, 31.76, 27.48, [[], [1550.4846303548977, 1555.8439102566774, 1560.2863056909416], [], []]]
[80, 155, 32.04, 27.39, [[], [1550.4851421991052, 1555.844666160822, 1560.28729055115], [], []]]
[80, 157, 31.27, 27.37, [[], [1550.4852345536397, 1555.8446818497314, 1560.287243229469], [], []]]
[80, 159, 30.24, 27.38, [[], [1550.4848336092318, 1555.8460509932295, 1560.2892027710811], [], []]]
[80, 161, 30.39, 27.39, [[], [1550.4837602207192, 1555.845284627736, 1560.2907115679495], [], []]]
[80, 163, 31.19, 27.45, [[], [1550.4841537465782, 1555.8463142885944, 1560.2921862116127], [], []]]
[80, 165, 31.97, 27.44, [[], [1550.4844426785808, 1555.846865158474, 1560.2927158255486], [], []]]
[80, 167, 32.2, 27.48, [[], [1550.4843455026532, 1555.8479291782592, 1560.2924333901951], [], []]]
[80, 169, 32.14, 27.45, [[], [1550.4840161423822, 1555.8480849159907, 1560.2945818624517], [], []]]
[80, 171, 31.81, 27.38, [[], [1550.483811405042, 1555.8483769724323, 1560.2955148864603], [], []]]
[80, 173, 31.11, 27.47, [[], [1550.4836749134513, 1555.8491672387377, 1560.2968798676218], [], []]]
[85, 135, 30.26, 27.44, [[], [1550.4838748291618, 1555.8478414157792, 1560.2813646096124], [], []]]
[85, 137, 29.97, 27.39, [[], [1550.4836066675773, 1555.8481879940564, 1560.281329675612], [], []]]
[85, 139, 30.23, 27.38, [[], [1550.483404155418, 1555.8476132213789, 1560.2826356422963], [], []]]
[85, 141, 30.8, 27.44, [[], [1550.4832142544485, 1555.8488064656415, 1560.2834893970137], [], []]]
[85, 143, 31.04, 27.45, [[], [1550.4830555087015, 1555.8497371583871, 1560.2835712755445], [], []]]
[85, 145, 30.86, 27.44, [[], [1550.4831289473748, 1555.850266742021, 1560.2846643017283], [], []]]
[85, 147, 30.65, 27.37, [[], [1550.483180131891, 1555.8514693279535, 1560.2851480719555], [], []]]
[85, 149, 30.43, 27.44, [[], [1550.4832483770065, 1555.850644697472, 1560.2868412997607], [], []]]
[85, 151, 30.18, 27.38, [[], [1550.4833507459148, 1555.8509711135966, 1560.2864439190296], [], []]]
[85, 153, 30.22, 27.39, [[], [1550.4826853500483, 1555.8517270237141, 1560.2884308780037], [], []]]
[85, 155, 30.12, 27.35, [[], [1550.4827417271863, 1555.8522121677088, 1560.288620180089], [], []]]
[85, 157, 30.31, 27.35, [[], [1550.4824123671688, 1555.8531701285633, 1560.2897094320822], [], []]]
[85, 159, 30.93, 27.35, [[], [1550.4822710541273, 1555.8542483492693, 1560.29027962012], [], []]]
[85, 161, 31.71, 27.41, [[], [1550.4824976744292, 1555.8555648508564, 1560.2910034273639], [], []]]
[85, 163, 32.14, 27.41, [[], [1550.481883463579, 1555.8550255513085, 1560.2918864723588], [], []]]
[85, 165, 32.0, 27.39, [[], [1550.481678355789, 1555.8542659033687, 1560.2929453045485], [], []]]
[85, 167, 31.21, 27.37, [[], [1550.48139943904, 1555.8550382501232, 1560.2944811772306], [], []]]
[85, 169, 30.39, 27.38, [[], [1550.4812180692993, 1555.8550427309717, 1560.2959986683402], [], []]]
[85, 171, 30.11, 27.39, [[], [1550.4814739897618, 1555.8549740115361, 1560.2969316632505], [], []]]
[85, 173, 30.19, 27.37, [[], [1550.4813033759317, 1555.855712750408, 1560.297242664952], [], []]]
[90, 135, 30.87, 27.41, [[], [1550.480859779769, 1555.854870931776, 1560.2823490542803], [], []]]
[90, 137, 31.21, 27.42, [[], [1550.4808416060107, 1555.854318561385, 1560.2815058235672], [], []]]
[90, 139, 31.27, 27.37, [[], [1550.4808768417452, 1555.8536855221898, 1560.282314502891], [], []]]
[90, 141, 31.35, 27.37, [[], [1550.4810333611476, 1555.8539148403856, 1560.283324131287], [], []]]
[90, 143, 31.54, 27.37, [[], [1550.4807062276152, 1555.853238846162, 1560.2840595594332], [], []]]
[90, 145, 31.68, 27.39, [[], [1550.4804580962932, 1555.853002062804, 1560.2839420028263], [], []]]
[90, 147, 31.55, 27.26, [[], [1550.4808764701636, 1555.8535111117703, 1560.2849129377896], [], []]]
[90, 149, 31.37, 27.37, [[], [1550.4808241734281, 1555.8537919633848, 1560.2862369418724], [], []]]
[90, 151, 31.34, 27.39, [[], [1550.4809792098067, 1555.8538744999782, 1560.2857009618465], [], []]]
[90, 153, 31.2, 27.41, [[], [1550.480806740936, 1555.8528791903955, 1560.287384418213], [], []]]
[90, 155, 30.94, 27.41, [[], [1550.4803479385976, 1555.8521049791134, 1560.287532413531], [], []]]
[90, 157, 30.35, 27.39, [[], [1550.4805975537038, 1555.8520015255126, 1560.2885672099217], [], []]]
[90, 159, 29.94, 27.37, [[], [1550.4802114475017, 1555.8513318874054, 1560.2887937074358], [], []]]
[90, 161, 29.75, 27.29, [[], [1550.4801094505158, 1555.851053653178, 1560.2893616135218], [], []]]
[90, 163, 29.83, 27.35, [[], [1550.4796213469301, 1555.851053649006, 1560.2908092094683], [], []]]
[90, 165, 29.94, 27.34, [[], [1550.4798131015996, 1555.8515802474076, 1560.2906856372847], [], []]]
[90, 167, 30.11, 27.35, [[], [1550.4795167534758, 1555.8514573748703, 1560.291338827977], [], []]]
[90, 169, 30.53, 27.34, [[], [1550.4798305340548, 1555.8519488669494, 1560.2922921226946], [], []]]
[90, 171, 31.05, 27.29, [[], [1550.4799176951435, 1555.8534233434054, 1560.2926451964634], [], []]]
[90, 173, 31.55, 27.32, [[], [1550.4801268824483, 1555.8537393015788, 1560.2931218429676], [], []]]
[95, 135, 31.9, 27.32, [[], [1550.4793925028857, 1555.8524657575401, 1560.2810013926228], [], []]]
[95, 137, 31.94, 27.31, [[], [1550.4793071954248, 1555.8513490680318, 1560.2797228315123], [], []]]
[95, 139, 31.83, 27.31, [[], [1550.4790000911514, 1555.852397034681, 1560.2826427769246], [], []]]
[95, 141, 31.64, 27.34, [[], [1550.4795167533498, 1555.8517908863055, 1560.2827415589825], [], []]]
[95, 143, 31.48, 27.37, [[], [1550.4792560113854, 1555.8512288083236, 1560.2827809995272], [], []]]
[95, 145, 31.22, 27.26, [[], [1550.479168108401, 1555.8502462014503, 1560.2825120654088], [], []]]
[95, 147, 30.83, 27.28, [[], [1550.479133243903, 1555.8499302416192, 1560.2822472723797], [], []]]
[95, 149, 30.24, 27.32, [[], [1550.4792204054781, 1555.8503164158797, 1560.2825826821436], [], []]]
[95, 151, 30.04, 27.31, [[], [1550.4784708192228, 1555.850158435454, 1560.283271159263], [], []]]
[95, 153, 30.26, 27.34, [[], [1550.4789937859707, 1555.8501584336132, 1560.2832182099332], [], []]]
[95, 155, 30.8, 27.34, [[], [1550.4784708190784, 1555.8503339659155, 1560.2850365057282], [], []]]
[95, 157, 31.15, 27.26, [[], [1550.478300577015, 1555.8501980221038, 1560.284387838394], [], []]]
[95, 159, 31.11, 27.28, [[], [1550.4781129023384, 1555.850266740754, 1560.2848889033785], [], []]]
[95, 161, 30.96, 27.34, [[], [1550.4772768976004, 1555.850249561377, 1560.2858564612407], [], []]]
[95, 163, 30.7, 27.31, [[], [1550.476919353113, 1555.8506850321605, 1560.2847011063284], [], []]]
[95, 165, 30.18, 27.28, [[], [1550.4756731373686, 1555.852208057321, 1560.2859428485776], [], []]]
[95, 167, 29.8, 27.26, [[], [1550.474339392599, 1555.8538270694519, 1560.2861663418778], [], []]]
[95, 169, 29.76, 27.22, [[], [1550.4731191439405, 1555.8551260161557, 1560.2863958266687], [], []]]
[95, 171, 30.12, 27.26, [[], [1550.4725338698747, 1555.85653737973, 1560.2863402346504], [], []]]
[95, 173, 30.69, 27.32, [[], [1550.4733980573533, 1555.855354208898, 1560.2868195204978], [], []]]
[100, 135, 31.13, 27.29, [[], [1550.4723172664847, 1555.856740924149, 1560.274779917281], [], []]]
[100, 137, 31.19, 27.31, [[], [1550.4720906498978, 1555.8572675258845, 1560.2741797110884], [], []]]
[100, 139, 31.02, 27.28, [[], [1550.4717319933602, 1555.857430734282, 1560.2757662468257], [], []]]
[100, 141, 30.72, 27.29, [[], [1550.4709749969109, 1555.8584436026754, 1560.2763687073561], [], []]]
[100, 143, 30.25, 27.32, [[], [1550.4716466878376, 1555.857671254607, 1560.2783751728941], [], []]]
[100, 145, 29.98, 27.31, [[], [1550.4711318858388, 1555.8578994479158, 1560.2787165947207], [], []]]
[100, 147, 30.64, 27.31, [[], [1550.4710836693512, 1555.8592002674334, 1560.2774076301932], [], []]]
[100, 149, 31.76, 27.29, [[], [1550.4711177929669, 1555.8578945943061, 1560.2775458516812], [], []]]
[100, 151, 32.06, 27.29, [[], [1550.4717943041185, 1555.8574957206308, 1560.278840170396], [], []]]
[100, 153, 31.59, 27.29, [[], [1550.4726310447725, 1555.8564074108199, 1560.278893132497], [], []]]
[100, 155, 30.64, 27.26, [[], [1550.4723120742995, 1555.856004803872, 1560.2801720557102], [], []]]
[100, 157, 30.03, 27.23, [[], [1550.472299834677, 1555.8565478366907, 1560.280199476158], [], []]]
[100, 159, 30.59, 27.23, [[], [1550.472056157755, 1555.8570184176685, 1560.2811568848413], [], []]]
[100, 161, 31.5, 27.25, [[], [1550.4724485657823, 1555.8561937827658, 1560.281709777591], [], []]]
[100, 163, 32.08, 27.26, [[], [1550.4728580334581, 1555.8550942703341, 1560.282297222845], [], []]]
[100, 165, 32.18, 27.26, [[], [1550.4731191445169, 1555.8550382498684, 1560.2828121734565], [], []]]
[100, 167, 32.09, 27.26, [[], [1550.4731888733302, 1555.8552664443407, 1560.28267094539], [], []]]
[100, 169, 32.05, 27.29, [[], [1550.4739558852436, 1555.8541605828173, 1560.2834300451248], [], []]]
[100, 171, 31.98, 27.28, [[], [1550.4741546868934, 1555.8537886028946, 1560.2837485556802], [], []]]
